Pair_CHG-CHG 0.1 25 0.1 L2 5.06628 2.09939 2.32996 0.954316 0.326423 0.295453 0.0947447 0.045579 -0.0122672 0.00780542 -0.00213552 0.00244302 -0.00231455 0.000216755 -0.00116382 5.43385e-05 -0.00072269 -0.000794315 -0.000948126 -0.000151264 -0.000119934 -5.62769e-05 2.72217e-05 -1.85366e-05
Pair_CHG-CMG 0.1 25 0.1 L2 4.26987 2.65698 0.992145 0.3667 0.0794435 0.119449 -0.0484182 -0.00534275 -0.0262736 -0.00559664 -0.00841309 -0.00606011 -0.00640985 -0.0017558 -0.00170805 -0.000823801 -0.000672515 -0.000729322 -0.000683069 -0.000792045 -0.000542231 -0.000917659 0.000221169 -4.52008e-05
Pair_CHG-CT1 0.1 25 0.1 L2 3.25144 2.58433 1.86004 1.34513 0.754047 0.272425 0.0579646 -0.0651752 -0.116334 -0.132732 -0.113231 -0.0661005 -0.0312094 -0.00051909 0.00770636 0.0111109 0.00961256 0.010816 0.00956525 0.00359644 0.00201038 -0.000951921 0.000473091 -0.000187034
Pair_CHG-CT2 0.1 25 0.1 L2 3.01162 1.876 1.3153 0.550204 0.0880033 -0.200815 -0.354204 -0.408542 -0.39777 -0.333192 -0.228165 -0.141719 -0.0740451 -0.0353064 -0.0086787 -0.00320127 -0.00396346 -0.00285579 -0.00369984 -0.00258267 -0.00225635 0.000163136
Pair_CHG-SHG 0.1 25 0.1 L2 2.01389 1.06174 0.849165 0.158437 0.00283384 0.0349878 -0.0115905 -0.00689237 -0.00789902 -0.00880204 -0.00830988 -0.00862006 -0.00848901 -0.00850233 -0.00807974 -0.0087378 -0.00251175 -0.00706509 0.00228942 0.00050436 0.00103219 0.000621752 0.000734116 -0.000149775
Pair_CHG-SMG 0.1 25 0.1 L2 4.38707 2.89053 1.35333 0.623 0.299855 0.23745 0.0182853 -0.0307703 -0.0283902 -0.0316003 -0.0147584 -0.00873398 0.00641756 0.000890759 0.00371385 0.00177412 0.00409387 -0.00483363 -0.0010827 -0.00360648 0.00127123 -0.00108123 0.000347566 -0.000250531
Pair_CHG-ST1 0.1 25 0.1 L2 2.87495 2.1757 1.56378 0.979208 0.503295 0.110169 -0.0540517 -0.137914 -0.160888 -0.176856 -0.140013 -0.0883427 -0.0458946 -0.00556352 0.000291434 0.000349711 0.000207335 0.000278619 0.000371816 0.000149772 9.99481e-05 8.22375e-05 -7.49749e-05 2.19716e-05
Pair_CHG-ST2 0.1 25 0.1 L2 3.49587 2.21927 1.68 0.917612 0.375993 0.0620068 -0.0930293 -0.163858 -0.160676 -0.151309 -0.112015 -0.0613346 -0.0348849 -0.00241866 -0.0105953 -0.000726509 0.00297715 0.0037628 0.00279567 0.00437625 0.00155066 -0.000706837
Pair_CMG-CMG 0.1 25 0.1 L2 2.0 0.296247 -0.385122 -0.72379 -0.863099 -0.914757 -0.853659 -0.726394 -0.575103 -0.442122 -0.330898 -0.224698 -0.145165 -0.0957356 -0.0728893 -0.0396931 -0.0221975 -0.00149689 -0.00426334 0.000435349 -0.00108508 0.000529202 -0.000467969 0.000143597
Pair_CMG-CT1 0.1 25 0.1 L2 3.11513 2.08841 1.09257 0.526163 0.0621785 -0.252369 -0.317254 -0.280876 -0.18233 -0.126878 -0.0791069 -0.0437688 -0.0171068 -0.00450912 -0.00930014 -0.0106452 -0.00612657 -0.00585413 -0.00498056 -0.00281097 -0.00376324 -0.00246845 0.000600545 -5.8337e-05
Pair_CMG-CT2 0.1 25 0.1 L2 3.63425 2.75728 1.58234 0.932117 0.311768 -0.0616455 -0.193944 -0.24929 -0.160146 -0.122571 -0.0872267 -0.0504464 -0.0286344 -0.00864171 -0.00887135 -0.000487442 -0.000695539 0.000883785 -7.73648e-05 0.000148231 -3.1446e-05 8.5083e-05 -4.41628e-05 9.43328e-06
Pair_CMG-SHG 0.1 25 0.1 L2 4.12645 2.52214 0.603216 0.664127 0.170343 -0.00773708 -0.0102025 -0.00246024 -0.0169736 -0.0180965 -0.0168735 -0.0201128 -0.0122989 -0.0101495 -0.0120324 -0.0102179 -0.0130547 0.0105869 0.00496354 0.00917319 -0.00239138 0.00155407 -0.00107457 0.000413861
Pair_CMG-SMG 0.1 25 0.1 L2 2.50808 0.95119 0.00272322 -0.43785 -0.603689 -0.687326 -0.679863 -0.578803 -0.418557 -0.306456 -0.199167 -0.107964 -0.058319 -0.0359592 -0.0113406 -0.00397756 0.00622977 0.00177909 0.004527 0.000497799 0.00180166 0.00206793 0.0124938 5.11349e-05
Pair_CMG-ST1 0.1 25 0.1 L2 3.17061 2.11907 1.08967 0.539978 0.0865872 -0.254279 -0.274377 -0.254421 -0.143997 -0.117529 -0.0691626 -0.0293268 0.00513499 0.00700951 0.00220966 0.0127724 0.00265678 0.00575749 0.00326809 0.00553078 -0.00104307 0.000967536 -0.000388548 0.000149754
Pair_CMG-ST2 0.1 25 0.1 L2 3.46803 2.60536 1.41525 0.937398 0.237392 -0.119099 -0.271597 -0.250966 -0.157164 -0.0670229 -0.0677795 -0.0360215 -0.0317145 -0.00678657 -0.00878579 -0.00568151 -0.00589056 -0.00643269 0.000181646 0.00357072 -0.00158222 0.00151802 -0.000973204 8.15231e-05
Pair_CT1-CT1 0.1 25 0.1 L2 3.56818 2.29137 0.843521 0.524336 0.0902353 -0.0897554 -0.400231 -0.500098 -0.349354 -0.24678 -0.169231 -0.162728 -0.104925 -0.0570995 -0.0221498 -0.0274005 -0.0259196 -0.0214876 -0.0106026 -0.0118839 -0.00768344 -0.00152939 -0.00175826 0.000750423
Pair_CT1-CT2 0.1 25 0.1 L2 4.43165 3.31065 1.97896 1.32766 0.652957 0.235136 -0.114869 -0.268421 -0.250192 -0.213508 -0.161781 -0.134484 -0.0895245 -0.0480441 -0.0198024 -0.00840481 -0.00548026 -0.00320847 -0.000662143 -0.000595541 -0.000695109 -0.000309826 -0.00142031 -0.000351746
Pair_CT1-SHG 0.1 25 0.1 L2 3.1843 2.48089 2.31237 1.5294 0.794023 0.416271 0.263603 0.150975 0.0418495 -0.028793 -0.00761627 -0.0138923 -0.00290087 -0.00777752 0.00383044 -0.00177378 0.00122795 -0.000717413 0.00019185 -0.000486184 -0.000357178 -0.000351595 -0.000163288 6.96045e-05
Pair_CT1-SMG 0.1 25 0.1 L2 2.99508 2.10101 1.00853 0.475071 -0.0276997 -0.302992 -0.353942 -0.302979 -0.18538 -0.12454 -0.0881964 -0.0471002 -0.021253 -0.0193913 -0.0177848 -0.0207798 -0.0221442 -0.0223808 -0.020263 -0.0174998 -0.0177116 -0.000247032 0.00122056 -0.00054527
Pair_CT1-ST1 0.1 25 0.1 L2 3.51959 2.22621 0.774436 0.46387 0.0463472 -0.0971197 -0.414297 -0.50089 -0.357653 -0.234622 -0.164066 -0.167678 -0.107548 -0.0540481 -0.0257986 -0.0332997 -0.0246905 -0.0221094 -0.0123393 -0.0107955 -0.00270279 -0.00262107 0.000514944 -2.1752e-05
Pair_CT1-ST2 0.1 25 0.1 L2 4.39127 3.33982 1.96277 1.33123 0.64819 0.250113 -0.112969 -0.256375 -0.247087 -0.196553 -0.153033 -0.122979 -0.0803745 -0.044128 -0.0138933 -0.00629734 -0.00696742 -0.000404441 -0.00350007 0.000805825 -0.0008055 0.000185203 -0.000447091 0.000140345
Pair_CT2-CT2 0.1 25 0.1 L2 4.60527 3.36465 2.07778 1.53648 0.850977 0.39768 0.00998473 -0.206778 -0.26151 -0.280441 -0.273846 -0.270301 -0.236787 -0.186301 -0.149018 -0.121397 -0.0939696 -0.070654 -0.0467858 -0.0278349 -0.0180881 -0.00916746 -0.00259751 0.000671718
Pair_CT2-SHG 0.1 25 0.1 L2 2.0 1.49505 1.17946 0.731378 0.329155 0.174452 -0.0207494 -0.130018 -0.145098 -0.131499 -0.0945449 -0.0625304 -0.0531444 -0.00507057 -0.00216697 -0.00129397 0.000444259 -0.000304346 0.000177458 -0.000239515 9.72215e-05 -4.45492e-05
Pair_CT2-SMG 0.1 25 0.1 L2 3.71295 2.63864 1.47402 0.856778 0.129005 -0.128479 -0.285827 -0.271267 -0.156943 -0.110555 -0.0678049 -0.0469678 -0.0101976 -0.0261754 -0.00718098 -0.00525769 -0.0041433 -0.0065396 -0.00191889 0.00123264 -0.000745092 0.000615702 -0.000389422 0.000154173
Pair_CT2-ST1 0.1 25 0.1 L2 4.44666 3.27478 1.92574 1.27069 0.589428 0.192463 -0.152079 -0.306518 -0.269795 -0.230501 -0.172522 -0.13027 -0.0862413 -0.0462702 -0.0175924 -0.0114398 -0.00374387 -0.00257288 -0.00109722 0.000537286 -0.00048526 0.00014856 -0.000307132 3.05162e-05
Pair_CT2-ST2 0.1 25 0.1 L2 4.68721 3.44978 2.13494 1.58161 0.891423 0.441107 0.0477722 -0.170579 -0.227965 -0.249107 -0.243153 -0.246819 -0.214004 -0.169357 -0.13202 -0.104874 -0.0827966 -0.0493647 -0.0331154 -0.0209248 -0.0130672 -0.0066141 0.00121623 -0.00035552
Pair_SHG-SHG 0.1 25 0.1 L2 2.0 0.118258 -0.253101 -0.789665 -0.39084 -0.370237 0.0564153 -0.0537736 -0.0027319 -0.0309122 0.0122025 -0.0221722 -0.020216 -0.000813694 -0.00384855 -0.00017411 -0.00149592 -0.000368196 -0.001579 -0.000564351 -0.00090339 0.00150607 0.000501989 9.62373e-05
Pair_SHG-SMG 0.1 25 0.1 L2 2.2852 1.48146 0.800102 0.366727 0.116721 -0.00824787 -0.00142607 -0.0469118 -0.0559812 -0.0460096 -0.0575131 -0.0392716 -0.0343382 -0.00324337 -0.00773686 -0.00741089 -0.000506285 -0.0014062 -0.00110078 0.000853813 -3.6312e-06 0.000477473 -7.17284e-05 -6.80661e-06
Pair_SHG-ST1 0.1 25 0.1 L2 4.023 2.25146 1.70091 0.981219 0.484003 0.35427 0.186218 0.0707581 0.00478354 -0.0138346 0.00480425 -0.00643503 0.0079905 0.0177015 0.00572185 0.00696532 0.00687277 0.00757972 0.00669067 0.00769099 0.00643583 0.00859711 0.00231182
Pair_SHG-ST2 0.1 25 0.1 L2 2.0 0.913589 1.14522 0.445701 0.291467 0.0295934 -0.0322854 -0.151377 -0.137555 -0.124536 -0.0479574 0.0402455 0.0854096 0.107371 0.0901445 0.065543 0.0409022 -0.00474795 0.00135474 -0.000693321 0.000523931 -0.000191439
Pair_SMG-SMG 0.1 25 0.1 L2 3.47368 1.80591 0.233313 -0.170701 -0.423759 -0.5441 -0.559745 -0.4152 -0.30274 -0.145079 -0.12527 -0.00406368 -0.0189198 -0.0163159 -0.00600937 0.00875047 -0.00306747 0.0140016 0.0389327 0.0257252 0.00843365 0.0167881 -0.00863581 0.00297843
Pair_SMG-ST1 0.1 25 0.1 L2 3.17411 2.24307 1.13275 0.733971 0.231212 -0.0658549 -0.149838 -0.118786 -0.032403 -0.0419231 0.00951327 0.000222619 0.00613361 0.00274131 0.00523691 0.00334245 0.000930966 0.00306089 -0.00223219 -0.00060026 -0.00115424 0.000542068 -0.000353116 0.000113048
Pair_SMG-ST2 0.1 25 0.1 L2 2.9617 2.74253 0.98737 0.768928 0.0806355 -0.142313 -0.240803 -0.211135 -0.217044 -0.122651 -0.106427 -0.0660235 -0.0599978 -0.0147831 -0.0002398 0.00172303 0.00184613 0.00148704 0.00239381 -0.000280575 0.000276267 -0.000142838 8.93605e-05 -1.08136e-05
Pair_ST1-ST1 0.1 25 0.1 L2 3.34895 1.97396 0.53035 0.276327 -0.0574298 -0.216896 -0.475408 -0.484263 -0.372445 -0.25201 -0.195652 -0.174164 -0.119449 -0.0463435 -0.0378898 -0.0385701 -0.0260501 -0.0265023 -0.015886 -0.00233724 0.000942374 -0.00188626 0.000876061 -0.000397179
Pair_ST1-ST2 0.1 25 0.1 L2 4.47471 3.3567 2.04357 1.36185 0.730624 0.281255 -0.0625803 -0.188494 -0.178472 -0.178866 -0.154385 -0.149438 -0.104231 -0.0655585 -0.0413729 -0.0301893 -0.0191201 -0.0178853 -0.0044904 0.000605923 -0.000794403 0.00066711 -0.000482532 0.000186497
Pair_ST2-ST2 0.1 25 0.1 L2 4.60006 3.40568 2.06219 1.5727 0.927218 0.500041 0.100701 -0.10945 -0.159635 -0.159284 -0.157087 -0.16225 -0.1268 -0.114035 -0.0814926 -0.0655008 -0.044564 -0.0254785 -0.00868562 -0.00970201 -0.00730757 -0.011382 0.000367191 0.000198862
